5355 7086
10000 10000
317
b1 4157 5574 4677 5784
b2 1374 4723 1541 5285
b3 3001 5072 3209 5374
b4 1541 5214 2154 5368
b5 171 4982 553 5394
b6 2155 4864 2589 5116
b7 3574 5166 4123 5424
b8 2001 3530 2468 3698
b9 2690 1134 3143 1307
b10 1805 6627 2125 6824
b11 254 877 718 1012
b12 2291 1007 2690 1321
b13 2154 5116 2749 5354
b14 4810 1386 4962 1696
b15 2680 1951 2853 2586
b16 1074 1465 1519 1782
b17 3079 3180 3447 3393
b18 2800 5576 3574 5778
b19 2473 1951 2680 2630
b20 3273 5778 3603 5920
b21 1933 6133 2155 6627
b22 1380 1782 1537 2182
b23 846 510 1361 662
b24 4277 440 4435 1031
b25 3039 0 3407 255
b26 3960 1054 4412 1193
b27 3973 6231 4365 6551
b28 2246 864 2573 1007
b29 3379 1830 3911 2066
b30 1362 502 1523 891
b31 3036 2631 3563 2780
b32 1541 5368 2262 5586
b33 171 3375 529 3595
b34 765 5997 1310 6256
b35 2533 3486 2746 4077
b36 1310 6627 1805 6848
b37 1310 5956 1425 6363
b38 132 1012 342 1683
b39 3413 4905 3933 5056
b40 932 1818 1380 2063
b41 254 0 437 602
b42 902 2527 1514 2783
b43 437 0 846 268
b44 3946 440 4210 678
b45 2250 3123 2729 3353
b46 1374 3744 2001 3969
b47 3323 2066 3827 2222
b48 2351 6411 2769 6635
b49 1986 2407 2418 2552
b50 2690 962 3147 1134
b51 529 3174 987 3483
b52 5127 564 5332 948
b53 1374 3398 1567 3722
b54 2983 4343 3232 4531
b55 2001 3934 2436 4114
b56 1986 1891 2472 2150
b57 2004 2552 2209 3243
b58 3413 4589 3859 4905
b59 5118 5708 5337 6208
b60 3833 2066 4005 2523
b61 4005 1409 4185 2108
b62 4917 1778 5147 2326
b63 1547 1680 2291 1891
b64 3001 5376 3473 5576
b65 4623 639 4798 1179
b66 432 1706 932 1988
b67 5001 6293 5285 6791
b68 2364 5603 2800 5854
b69 3397 3529 3573 3976
b70 0 5987 307 6448
b71 3001 4815 3245 5072
b72 4720 5733 4926 6114
b73 3839 3827 4318 3958
b74 398 4057 750 4503
b75 4716 6822 5314 7059
b76 132 2845 266 3315
b77 1666 3969 1826 4555
b78 238 5578 546 5987
b79 2161 5912 2351 6651
b80 4549 4326 4818 4908
b81 2250 3353 2718 3486
b82 2960 5778 3273 5978
b83 3603 6026 4371 6231
b84 803 3483 980 4103
b85 2960 5978 3232 6151
b86 5163 1172 5330 1452
b87 4005 1193 4442 1409
b88 2246 743 2634 864
b89 0 0 132 474
b90 432 1988 902 2256
b91 3111 3393 3459 3528
b92 238 5394 835 5578
b93 3111 3528 3397 3967
b94 941 6256 1264 6450
b95 3447 2780 3831 3067
b96 3041 6732 3203 7022
b97 1937 4279 2211 4736
b98 2196 0 2392 321
b99 1525 228 1642 630
b100 2209 2945 2561 3123
b101 1547 2266 1765 2843
b102 5123 3577 5241 3977
b103 1425 6473 1933 6627
b104 4371 5942 4697 6231
b105 1150 3001 1547 3278
b106 461 2256 896 2617
b107 951 662 1362 1045
b108 1216 4218 1362 4756
b109 0 3315 171 3959
b110 3481 6867 4039 7036
b111 1811 1412 1986 1680
b112 4343 2618 4650 3080
b113 4219 0 4847 225
b114 4452 6492 4716 7086
b115 3311 887 3748 1174
b116 4926 4876 5353 5060
b117 4666 1696 4917 2321
b118 2746 3313 3079 3737
b119 307 6577 843 6752
b120 4322 5784 4720 5942
b121 4655 3411 5115 3582
b122 595 4745 919 5085
b123 2392 0 2818 369
b124 1541 4723 1789 5166
b125 1123 0 1674 228
b126 1772 2980 1976 3516
b127 3839 3081 4068 3699
b128 5140 2987 5353 3577
b129 1426 6848 2019 7060
b130 0 5394 238 5921
b131 2497 1321 3152 1537
b132 4965 5682 5118 6293
b133 3245 4815 3413 5376
b134 2983 3976 3688 4153
b135 2533 4077 2800 4254
b136 987 3398 1373 3642
b137 921 4430 1181 4853
b138 3126 469 3583 674
b139 1547 1891 1672 2266
b140 1449 5586 2161 5784
b141 3755 1313 3906 1830
b142 2209 2630 2706 2945
b143 4670 3756 4972 4016
b144 1672 1891 1968 2262
b145 2291 1321 2497 1780
b146 260 1706 432 2071
b147 1986 2150 2473 2407
b148 2825 6364 3041 7019
b149 4185 1660 4351 2129
b150 4287 4094 4827 4326
b151 4872 5171 5118 5682
b152 4185 2129 4348 2415
b153 0 6448 251 7074
b154 3833 2708 4127 3081
b155 2222 4114 2399 4646
b156 843 6494 1225 6864
b157 2161 5603 2364 5912
b158 132 2071 335 2845
b159 1123 228 1525 502
b160 4716 6492 5001 6822
b161 2935 674 3598 887
b162 3419 209 3848 429
b163 2161 6651 2825 6863
b164 3973 6682 4403 6827
b165 4917 2326 5112 2968
b166 3839 3699 4325 3827
b167 3533 6231 3953 6568
b168 132 1683 260 2047
b169 171 4284 357 4960
b170 4235 5356 4669 5574
b171 3960 678 4126 1054
b172 4127 2708 4337 3228
b173 1058 4853 1366 5262
b174 1674 0 1902 618
b175 5118 5060 5335 5708
b176 546 5578 765 6010
b177 3486 6729 3936 6867
b178 3688 3529 3839 4050
b179 529 3483 803 4057
b180 3755 852 3960 1313
b181 4442 1179 5045 1386
b182 1425 5956 1729 6473
b183 1729 5956 1921 6363
b184 3535 2222 3804 2631
b185 5147 1778 5341 2427
b186 4039 6827 4346 7083
b187 2399 4254 2776 4629
b188 2001 3698 2533 3934
b189 4318 3827 4670 4094
b190 835 5512 1126 5997
b191 1547 2843 2004 2980
b192 4005 2108 4134 2473
b193 4348 2464 4655 2618
b194 750 4103 921 4745
b195 3946 0 4219 230
b196 1789 4993 2144 5214
b197 443 2628 704 3170
b198 3999 5784 4322 6026
b199 3946 230 4616 440
b200 2144 426 2590 743
b201 5112 2427 5336 2987
b202 307 5987 546 6577
b203 3255 6364 3481 7059
b204 398 4503 595 4982
b205 4888 0 5169 448
b206 254 658 826 877
b207 3973 6551 4452 6682
b208 4962 1386 5163 1778
b209 2983 4153 3561 4343
b210 3878 4707 4235 4839
b211 553 5085 1058 5333
b212 3056 2464 3535 2628
b213 4287 4326 4549 4926
b214 4666 2321 4894 2940
b215 3041 6364 3255 6732
b216 342 1444 942 1706
b217 4827 4016 5037 4612
b218 3047 2780 3440 3180
b219 1976 3243 2250 3530
b220 4655 3278 5123 3411
b221 132 0 254 381
b222 2351 6117 2778 6411
b223 1374 3969 1666 4508
b224 546 6256 941 6494
b225 4351 1660 4666 2110
b226 3603 5424 4157 5708
b227 921 4218 1216 4430
b228 4798 973 5352 1172
b229 3486 6568 3973 6729
b230 3147 887 3311 1267
b231 1567 2980 1772 3744
b232 3603 5708 3999 6025
b233 1921 5784 2146 6133
b234 1150 3278 1540 3398
b235 3878 3958 4287 4111
b236 2497 1537 2762 1951
b237 932 2182 1387 2527
b238 307 6752 778 7085
b239 3459 3402 3826 3529
b240 835 5333 1449 5512
b241 2800 4815 3001 5441
b242 963 1045 1531 1322
b243 4287 5171 4627 5356
b244 1937 4114 2222 4279
b245 2729 3067 3047 3313
b246 3878 4111 4023 4650
b247 3561 4153 3878 4301
b248 2983 4589 3401 4815
b249 1374 4555 1937 4723
b250 2690 369 3126 513
b251 3273 5920 3533 6100
b252 1519 1412 1811 1627
b253 3598 429 3932 852
b254 2262 5354 2703 5603
b255 4623 225 4888 639
b256 1902 0 2196 426
b257 3126 255 3419 469
b258 5169 0 5335 564
b259 704 2617 872 3174
b260 342 1192 963 1444
b261 2690 513 2935 962
b262 4677 5171 4872 5733
b263 4888 448 5127 973
b264 3232 4343 3552 4589
b265 3473 5056 3899 5166
b266 4442 440 4623 1047
b267 3459 3067 3833 3402
b268 2818 0 3039 354
b269 942 1465 1074 1818
b270 3419 0 3946 209
b271 2853 1537 3056 2156
b272 3152 1821 3323 2464
b273 846 0 1123 510
b274 2364 5854 2960 6117
b275 1126 5512 1285 5806
b276 4068 3228 4244 3673
b277 1285 5784 1921 5956
b278 2853 2156 3036 2500
b279 335 2256 461 2628
b280 1902 426 2144 945
b281 980 3921 1349 4218
b282 3379 1174 3755 1592
b283 4325 3396 4647 3640
b284 3833 2523 4343 2708
b285 1642 618 1889 1192
b286 4647 3582 5099 3756
b287 1789 4736 2155 4993
b288 3152 1267 3379 1821
b289 5037 3977 5272 4642
b290 4244 3228 4619 3396
b291 778 6864 1426 7082
b292 987 3001 1150 3387
b293 266 2845 443 3375
b294 980 3642 1374 3921
b295 4185 1409 4810 1660
b296 4351 2110 4661 2464
b297 4365 6231 4965 6492
b298 2222 4646 2800 4864
b299 2800 3737 3111 3938
b300 4126 678 4277 989
b301 3933 4839 4226 5107
b302 896 2783 1546 3001
b303 4655 2987 5140 3278
b304 1531 1192 2246 1412
b305 2825 6151 3486 6364
b306 963 1322 1509 1465
b307 171 3595 398 4284
b308 2161 6863 2798 7085
b309 342 1012 951 1192
b310 1765 2262 1986 2690
b311 437 268 841 658
b312 2706 2586 2934 3067
b313 2800 3938 2983 4449
b314 4287 4926 4926 5171
b315 4023 4111 4287 4707
b316 4818 4642 5355 4876
b317 3552 4343 3845 4557
